# Result from 100 repetitions: median
./bin/lf-qu_ms
#cores  throughput  %linear scalability
1       28.622000   100.00  1           
12      2.417000    0.70    0.08        
24      1.166000    0.17    0.04        
48      0.375000    0.03    0.01        
96      0.536000    0.02    0.02        
192     0.759000    0.01    0.03        

./bin/lb-qu_ms
#cores  throughput  %linear scalability
1       32.464000   100.00  1           
12      1.709000    0.44    0.05        
24      0.696000    0.09    0.02        
48      0.298000    0.02    0.01        
96      0.210000    0.01    0.01        
192     0.197000    0.00    0.01        

./bin/lb-qu_ms_hybrid
#cores  throughput  %linear scalability
1       33.246000   100.00  1           
12      2.539000    0.64    0.08        
24      1.051000    0.13    0.03        
48      0.349000    0.02    0.01        
96      0.323000    0.01    0.01        
192     0.256000    0.00    0.01        

./bin/lb-qu_optik1
#cores  throughput  %linear scalability
1       30.761000   100.00  1           
12      2.976000    0.81    0.10        
24      0.932000    0.13    0.03        
48      0.341000    0.02    0.01        
96      0.276000    0.01    0.01        
192     0.233000    0.00    0.01        

./bin/lb-qu_optik2
#cores  throughput  %linear scalability
1       26.835000   100.00  1           
12      2.585000    0.80    0.10        
24      1.049000    0.16    0.04        
48      0.336000    0.03    0.01        
96      0.467000    0.02    0.02        
192     0.616000    0.01    0.02        

./bin/lb-qu_optik3
#cores  throughput  %linear scalability
1       28.348000   100.00  1           
12      3.215000    0.95    0.11        
24      0.985000    0.14    0.03        
48      0.334000    0.02    0.01        
96      0.296000    0.01    0.01        
192     0.126000    0.00    0.00        

./bin/lb-qu_optik4
#cores  throughput  %linear scalability
1       21.577000   100.00  1           
12      2.774000    1.07    0.13        
24      1.539000    0.30    0.07        
48      0.429000    0.04    0.02        
96      0.397000    0.02    0.02        
192     0.528000    0.01    0.02        

./bin/lb-qu_optik5
#cores  throughput  %linear scalability
1       22.496000   100.00  1           
12      2.268000    0.84    0.10        
24      0.683000    0.13    0.03        
48      0.194000    0.02    0.01        
96      0.201000    0.01    0.01        
192     0.171000    0.00    0.01        

./bin/wf-qu
#cores  throughput  %linear scalability
1       17.344000   100.00  1           
12      9.204000    4.42    0.53        
24      7.075000    1.70    0.41        
48      6.187000    0.74    0.36        
96      1.625000    0.10    0.09        
192     0.710000    0.02    0.04        
